timestamp,%user,%nice,%system,%iowait,%steal,%idle,tps,rd_sec/s,wr_sec/s,avgrq-sz,avgqu-sz,await,svctm,%util,tps,rtps,wtps,bread/s,bwrtn/s,runq-sz,plist-sz,ldavg-1,ldavg-5,ldavg-15,blocked,kbmemfree,kbmemused,%memused,kbbuffers,kbcached,kbcommit,%commit,kbactive,kbinact,kbdirty,IFACE,rxpck/s,txpck/s,rxkB/s,txkB/s,rxcmp/s,txcmp/s,rxmcst/s,%ifutil,pgpgin/s,pgpgout/s,fault/s,majflt/s,pgfree/s,pgscank/s,pgscand/s,pgsteal/s,%vmeff,pswpin/s,pswpout/sf,kbswpfree,kbswpused,%swpused,kbswpcad,%swpcad,proc/s,cswch/s
20:52:47,50.00,0.00,4.08,0.51,0.00,45.41,37.00,0.00,176.00,4.76,0.01,0.22,0.22,0.80,37.00,0.00,37.00,0.00,176.00,0,622,2.51,2.36,2.47,0,10358756,5798072,35.89,48988,3185784,4401452,27.24,3306604,2283060,1480,lo,151.00,151.00,28.05,28.05,0.00,0.00,0.00,0.00,0.00,88.00,14999.00,0.00,93319.00,0.00,0.00,0.00,0.00,0.00,0.00,0,0,0.00,0,0.00,52.00,6324.00
20:52:48,85.28,0.00,5.08,0.00,0.00,9.64,2.00,0.00,72.00,36.00,0.00,2.00,2.00,0.40,2.00,0.00,2.00,0.00,72.00,3,619,2.51,2.36,2.47,0,10305152,5851676,36.22,48988,3186016,4438328,27.47,3361204,2283232,1700,lo,6.00,6.00,0.55,0.55,0.00,0.00,0.00,0.00,0.00,36.00,26132.00,0.00,11782.00,0.00,0.00,0.00,0.00,0.00,0.00,0,0,0.00,0,0.00,29.00,5825.00
20:52:49,94.95,0.00,3.03,0.00,0.00,2.02,0.00,0.00,0.00,0.00,0.00,0.00,0.00,0.00,0.00,0.00,0.00,0.00,0.00,2,619,2.51,2.36,2.47,0,10258700,5898128,36.51,48988,3186012,4512632,27.93,3407264,2283272,1696,lo,3.00,3.00,0.40,0.40,0.00,0.00,0.00,0.00,0.00,0.00,11270.00,0.00,157.00,0.00,0.00,0.00,0.00,0.00,0.00,0,0,0.00,0,0.00,0.00,4166.00
20:52:50,84.08,0.00,3.98,2.49,0.00,9.45,167.00,0.00,3496.00,20.93,0.06,0.38,0.31,5.20,167.00,0.00,167.00,0.00,3496.00,3,625,2.51,2.36,2.47,0,10335628,5821200,36.03,49248,3068752,4450756,27.55,3441928,2172628,1744,lo,6.00,6.00,3.47,3.47,0.00,0.00,0.00,0.00,0.00,1748.00,10272.00,0.00,29746.00,0.00,0.00,0.00,0.00,0.00,0.00,0,0,0.00,0,0.00,6.00,4631.00
20:52:51,82.50,0.00,3.50,0.00,0.00,14.00,0.00,0.00,0.00,0.00,0.00,0.00,0.00,0.00,0.00,0.00,0.00,0.00,0.00,3,597,2.51,2.36,2.47,0,10643948,5512880,34.12,49248,3068116,3799188,23.51,3135360,2172480,1712,lo,26.00,26.00,2.68,2.68,0.00,0.00,0.00,0.00,0.00,0.00,17828.00,0.00,95169.00,0.00,0.00,0.00,0.00,0.00,0.00,0,0,0.00,0,0.00,14.00,4144.00
20:52:52,91.33,0.00,3.57,0.00,0.00,5.10,8.00,0.00,32.00,4.00,0.00,0.50,0.50,0.40,8.00,0.00,8.00,0.00,32.00,2,599,2.47,2.35,2.47,0,10838668,5318160,32.92,49248,2855812,3799188,23.51,3155364,1964796,1924,lo,58.00,58.00,487.88,487.88,0.00,0.00,0.00,0.00,0.00,16.00,7522.00,0.00,55068.00,0.00,0.00,0.00,0.00,0.00,0.00,0,0,0.00,0,0.00,6.00,3434.00
20:52:53,95.54,0.00,1.98,0.00,0.00,2.48,4.00,0.00,16.00,4.00,0.00,0.00,0.00,0.00,4.00,0.00,4.00,0.00,16.00,2,603,2.47,2.35,2.47,0,10802024,5354804,33.14,49248,2855912,3882360,24.03,3191684,1964704,1992,lo,33.00,33.00,4.54,4.54,0.00,0.00,0.00,0.00,0.00,8.00,8018.00,0.00,121.00,0.00,0.00,0.00,0.00,0.00,0.00,0,0,0.00,0,0.00,4.00,2785.00
20:52:54,72.73,0.00,2.02,0.00,0.00,25.25,2.00,0.00,8.00,4.00,0.00,0.00,0.00,0.00,2.00,0.00,2.00,0.00,8.00,2,603,2.47,2.35,2.47,0,10776976,5379852,33.30,49248,2855912,3882360,24.03,3216576,1964700,1992,lo,27.00,27.00,3.83,3.83,0.00,0.00,0.00,0.00,0.00,4.00,6282.00,0.00,123.00,0.00,0.00,0.00,0.00,0.00,0.00,0,0,0.00,0,0.00,0.00,3050.00
20:52:55,93.43,0.00,1.52,0.00,0.00,5.05,8.00,0.00,648.00,81.00,0.00,0.00,0.00,0.00,8.00,0.00,8.00,0.00,648.00,3,604,2.47,2.35,2.47,0,10762204,5394624,33.39,49260,2855908,3882360,24.03,3231288,1964700,2000,lo,18.00,18.00,1.76,1.76,0.00,0.00,0.00,0.00,0.00,324.00,3723.00,0.00,144.00,0.00,0.00,0.00,0.00,0.00,0.00,0,0,0.00,0,0.00,2.00,2958.00
20:52:56,79.60,0.00,10.95,0.50,0.00,8.96,9.00,192.00,16.00,23.11,0.00,0.44,0.44,0.40,9.00,6.00,3.00,192.00,16.00,2,618,2.47,2.35,2.47,0,10657760,5499068,34.04,49440,2871644,4277328,26.47,3317248,1979704,17580,lo,12.00,12.00,1.75,1.75,0.00,0.00,0.00,0.00,96.00,8.00,25693.00,0.00,2085.00,0.00,0.00,0.00,0.00,0.00,0.00,0,0,0.00,0,0.00,27.00,4690.00
20:52:57,64.32,0.00,15.08,0.00,0.00,20.60,1.00,8.00,0.00,8.00,0.00,0.00,0.00,0.00,1.00,1.00,0.00,8.00,0.00,2,618,2.35,2.33,2.46,0,10502836,5653992,34.99,52008,2931048,4346800,26.90,3400228,2036120,77004,lo,3.00,3.00,0.36,0.36,0.00,0.00,0.00,0.00,4.00,0.00,18818.00,0.00,297.00,0.00,0.00,0.00,0.00,0.00,0.00,0,0,0.00,0,0.00,0.00,3966.00
20:52:58,92.42,0.00,2.53,0.00,0.00,5.05,0.00,0.00,0.00,0.00,0.00,0.00,0.00,0.00,0.00,0.00,0.00,0.00,0.00,2,619,2.35,2.33,2.46,0,10434836,5721992,35.42,52008,2931084,4385712,27.14,3468072,2036080,77136,lo,3.00,3.00,0.36,0.36,0.00,0.00,0.00,0.00,0.00,0.00,17930.00,0.00,1589.00,0.00,0.00,0.00,0.00,0.00,0.00,0,0,0.00,0,0.00,3.00,5430.00
20:52:59,82.41,0.00,3.02,0.00,0.00,14.57,0.00,0.00,0.00,0.00,0.00,0.00,0.00,0.00,0.00,0.00,0.00,0.00,0.00,3,623,2.35,2.33,2.46,0,10391420,5765408,35.68,52008,2931088,4337016,26.84,3511356,2036044,77140,lo,19.00,19.00,2.38,2.38,0.00,0.00,0.00,0.00,0.00,0.00,11081.00,0.00,188.00,0.00,0.00,0.00,0.00,0.00,0.00,0,0,0.00,0,0.00,4.00,3943.00
20:53:00,97.00,0.00,1.50,0.00,0.00,1.50,153.00,0.00,12072.00,78.90,0.65,4.26,0.10,1.60,153.00,0.00,153.00,0.00,12072.00,1,624,2.35,2.33,2.46,0,10361252,5795576,35.87,52024,2931072,4337016,26.84,3540688,2036036,76552,lo,284.00,284.00,7679.71,7679.71,0.00,0.00,0.00,0.00,0.00,6036.00,9118.00,0.00,2222.00,0.00,0.00,0.00,0.00,0.00,0.00,0,0,0.00,0,0.00,1.00,4009.00
20:53:01,75.50,0.00,2.50,0.00,0.00,22.00,0.00,0.00,0.00,0.00,0.00,0.00,0.00,0.00,0.00,0.00,0.00,0.00,0.00,2,623,2.35,2.33,2.46,0,10312396,5844432,36.17,52024,2931088,4337016,26.84,3590088,2036036,81904,lo,287.00,287.00,8929.01,8929.01,0.00,0.00,0.00,0.00,0.00,0.00,13449.00,0.00,581.00,0.00,0.00,0.00,0.00,0.00,0.00,0,0,0.00,0,0.00,0.00,3798.00
20:53:02,73.87,0.00,0.50,0.00,0.00,25.63,0.00,0.00,0.00,0.00,0.00,0.00,0.00,0.00,0.00,0.00,0.00,0.00,0.00,1,622,2.24,2.31,2.45,0,10271112,5885716,36.43,52024,2931088,4488672,27.78,3631288,2036028,81908,lo,118.00,118.00,3332.58,3332.58,0.00,0.00,0.00,0.00,0.00,0.00,10577.00,0.00,145.00,0.00,0.00,0.00,0.00,0.00,0.00,0,0,0.00,0,0.00,0.00,3441.00
20:53:03,78.89,0.00,3.52,0.00,0.00,17.59,0.00,0.00,0.00,0.00,0.00,0.00,0.00,0.00,0.00,0.00,0.00,0.00,0.00,2,623,2.24,2.31,2.45,0,10162676,5994152,37.10,52028,2935984,4488672,27.78,3734864,2040908,86808,lo,35.00,35.00,798.58,798.58,0.00,0.00,0.00,0.00,0.00,0.00,27649.00,0.00,1716.00,0.00,0.00,0.00,0.00,0.00,0.00,0,0,0.00,0,0.00,1.00,3815.00
20:53:04,76.50,0.00,1.00,0.00,0.00,22.50,0.00,0.00,0.00,0.00,0.00,0.00,0.00,0.00,0.00,0.00,0.00,0.00,0.00,1,623,2.24,2.31,2.45,0,10154492,6002336,37.15,52028,2939348,4616668,28.57,3739892,2044096,90168,lo,3.00,3.00,0.36,0.36,0.00,0.00,0.00,0.00,0.00,0.00,2160.00,0.00,122.00,0.00,0.00,0.00,0.00,0.00,0.00,0,0,0.00,0,0.00,0.00,3280.00
20:53:05,30.15,0.00,9.05,0.00,0.00,60.80,78.00,344.00,6744.00,90.87,0.34,4.36,0.15,1.20,79.00,20.00,59.00,344.00,6752.00,2,601,2.24,2.31,2.45,0,10730196,5426632,33.59,52028,2884240,3980212,24.63,3235408,1990692,35060,lo,18.00,18.00,1.79,1.79,0.00,0.00,0.00,0.00,172.00,3376.00,253.00,1.00,149977.00,0.00,0.00,0.00,0.00,0.00,0.00,0,0,0.00,0,0.00,2.00,3961.00
20:53:06,87.44,0.00,3.02,0.50,0.00,9.05,35.00,0.00,152.00,4.34,0.01,0.23,0.23,0.80,42.00,0.00,42.00,0.00,176.00,1,604,2.24,2.31,2.45,1,10725148,5431680,33.62,52036,2884648,3980212,24.63,3265716,1965180,35224,lo,276.00,276.00,4495.28,4495.28,0.00,0.00,0.00,0.00,0.00,72.00,1854.00,0.00,1099.00,0.00,0.00,0.00,0.00,0.00,0.00,0,0,0.00,0,0.00,14.00,5839.00
20:53:07,55.84,0.00,6.09,2.03,0.00,36.04,384.00,0.00,1600.00,4.17,0.06,0.16,0.16,6.00,376.00,0.00,376.00,0.00,1568.00,0,604,2.30,2.32,2.45,0,10691088,5465740,33.83,52036,2916936,3980212,24.63,3269944,1995624,67524,lo,2302.00,2302.00,28250.03,28250.03,0.00,0.00,0.00,0.00,0.00,800.00,2620.00,0.00,8981.00,0.00,0.00,0.00,0.00,0.00,0.00,0,0,0.00,0,0.00,192.00,16707.00
20:53:08,23.86,0.00,4.06,0.51,0.00,71.57,80.00,0.00,336.00,4.20,0.03,0.40,0.40,3.20,80.00,0.00,80.00,0.00,336.00,0,604,2.30,2.32,2.45,0,10656096,5500732,34.05,52036,2955448,3980212,24.63,3269688,2031800,106036,lo,1702.00,1702.00,38363.70,38363.70,0.00,0.00,0.00,0.00,0.00,168.00,571.00,0.00,8580.00,0.00,0.00,0.00,0.00,0.00,0.00,0,0,0.00,0,0.00,40.00,8400.00
20:53:09,5.03,0.00,1.51,0.00,0.00,93.47,32.00,0.00,136.00,4.25,0.01,0.38,0.38,1.20,32.00,0.00,32.00,0.00,136.00,0,604,2.30,2.32,2.45,0,10647304,5509524,34.10,52036,2963524,3980212,24.63,3270236,2039528,114116,lo,457.00,457.00,8239.39,8239.39,0.00,0.00,0.00,0.00,0.00,68.00,213.00,0.00,2197.00,0.00,0.00,0.00,0.00,0.00,0.00,0,0,0.00,0,0.00,16.00,4807.00
20:53:10,66.33,0.00,10.55,3.52,0.00,19.60,409.00,0.00,2176.00,5.32,0.08,0.21,0.20,8.00,409.00,0.00,409.00,0.00,2176.00,2,603,2.30,2.32,2.45,0,10604348,5552480,34.37,52036,3001332,3980212,24.63,3276624,2075136,151924,lo,4026.00,4026.00,38012.03,38012.03,0.00,0.00,0.00,0.00,0.00,1088.00,3139.00,0.00,10665.00,0.00,0.00,0.00,0.00,0.00,0.00,0,0,0.00,0,0.00,197.00,25096.00
20:53:11,22.28,0.00,6.93,0.00,0.00,70.79,4.00,0.00,16.00,4.00,0.00,0.00,0.00,0.00,4.00,0.00,4.00,0.00,16.00,3,612,2.30,2.32,2.45,0,10589548,5567280,34.46,52052,3011868,3980212,24.63,3279164,2085696,162604,lo,903.00,903.00,11117.20,11117.20,0.00,0.00,0.00,0.00,0.00,8.00,4904.00,0.00,5683.00,0.00,0.00,0.00,0.00,0.00,0.00,0,0,0.00,0,0.00,150.00,8409.00
20:53:12,40.82,0.00,29.59,0.00,0.00,29.59,10.00,944.00,0.00,94.40,0.01,1.20,0.40,0.40,10.00,10.00,0.00,944.00,0.00,2,613,2.28,2.31,2.45,0,10472856,5683972,35.18,52492,3123780,3980212,24.63,3290960,2186432,274120,lo,4706.00,4706.00,84656.12,84656.12,0.00,0.00,0.00,0.00,472.00,0.00,22056.00,3.00,33387.00,0.00,0.00,0.00,0.00,0.00,0.00,0,0,0.00,0,0.00,703.00,18137.00
20:53:13,69.65,0.00,10.45,0.00,0.00,19.90,1.00,0.00,8.00,8.00,0.00,4.00,4.00,0.40,1.00,0.00,1.00,0.00,8.00,2,627,2.28,2.31,2.45,0,10381692,5775136,35.74,52568,3147000,4289560,26.55,3362128,2206936,296880,lo,833.00,833.00,21310.32,21310.32,0.00,0.00,0.00,0.00,0.00,4.00,37615.00,0.00,15701.00,0.00,0.00,0.00,0.00,0.00,0.00,0,0,0.00,0,0.00,211.00,7206.00
20:53:14,94.00,0.00,3.00,0.00,0.00,3.00,0.00,0.00,0.00,0.00,0.00,0.00,0.00,0.00,0.00,0.00,0.00,0.00,0.00,3,628,2.28,2.31,2.45,0,10328728,5828100,36.07,52568,3146992,4400972,27.24,3415604,2206388,296808,lo,18.00,18.00,2.75,2.75,0.00,0.00,0.00,0.00,0.00,0.00,13518.00,0.00,348.00,0.00,0.00,0.00,0.00,0.00,0.00,0,0,0.00,0,0.00,5.00,3890.00
20:53:15,91.41,0.00,3.03,0.00,0.00,5.56,23.00,0.00,2712.00,117.91,0.11,4.70,0.35,0.80,40.00,0.00,40.00,0.00,4184.00,1,639,2.28,2.31,2.45,0,10264988,5891840,36.47,52568,3146988,4458332,27.59,3479128,2206280,296804,lo,61.00,61.00,7.37,7.37,0.00,0.00,0.00,0.00,0.00,2092.00,16357.00,0.00,206.00,0.00,0.00,0.00,0.00,0.00,0.00,0,0,0.00,0,0.00,11.00,3768.00
20:53:16,89.00,0.00,2.50,0.00,0.00,8.50,17.00,0.00,1472.00,86.59,0.00,0.00,0.00,0.00,0.00,0.00,0.00,0.00,0.00,3,644,2.28,2.31,2.45,0,10185856,5970972,36.96,52580,3146996,4589916,28.41,3557808,2206276,297240,lo,9.00,9.00,1.49,1.49,0.00,0.00,0.00,0.00,0.00,0.00,19021.00,0.00,128.00,0.00,0.00,0.00,0.00,0.00,0.00,0,0,0.00,0,0.00,5.00,3399.00
20:53:17,93.91,0.00,4.06,0.00,0.00,2.03,8.00,0.00,32.00,4.00,0.00,0.00,0.00,0.00,8.00,0.00,8.00,0.00,32.00,1,690,2.33,2.33,2.45,0,10144104,6012724,37.21,52580,3147196,4622408,28.61,3598496,2206540,297448,lo,65.00,65.00,284.86,284.86,0.00,0.00,0.00,0.00,0.00,16.00,10349.00,0.00,277.00,0.00,0.00,0.00,0.00,0.00,0.00,0,0,0.00,0,0.00,51.00,5239.00
20:53:18,51.52,0.00,1.52,0.00,0.00,46.97,0.00,0.00,0.00,0.00,0.00,0.00,0.00,0.00,0.00,0.00,0.00,0.00,0.00,0,690,2.33,2.33,2.45,0,10123908,6032920,37.34,52580,3147292,4622408,28.61,3618628,2206516,297556,lo,50.00,50.00,6.96,6.96,0.00,0.00,0.00,0.00,0.00,0.00,4926.00,0.00,146.00,0.00,0.00,0.00,0.00,0.00,0.00,0,0,0.00,0,0.00,1.00,3132.00
20:53:19,31.31,0.00,1.52,0.00,0.00,67.17,0.00,0.00,0.00,0.00,0.00,0.00,0.00,0.00,0.00,0.00,0.00,0.00,0.00,4,690,2.33,2.33,2.45,0,10108548,6048280,37.43,52580,3147296,4622408,28.61,3633904,2206516,297560,lo,611.00,611.00,116.63,116.63,0.00,0.00,0.00,0.00,0.00,0.00,3940.00,0.00,121.00,0.00,0.00,0.00,0.00,0.00,0.00,0,0,0.00,0,0.00,0.00,6894.00
20:53:20,73.33,0.00,10.26,0.00,0.00,16.41,18.00,0.00,1448.00,80.44,0.04,2.00,0.22,0.40,34.00,0.00,34.00,0.00,2016.00,3,706,2.33,2.33,2.45,0,10026300,6130528,37.94,52580,3147892,4913160,30.41,3714664,2206648,297764,lo,545.00,545.00,133.54,133.54,0.00,0.00,0.00,0.00,0.00,1008.00,37069.00,0.00,11987.00,0.00,0.00,0.00,0.00,0.00,0.00,0,0,0.00,0,0.00,130.00,9654.00
20:53:21,92.00,0.00,3.50,0.00,0.00,4.50,16.00,0.00,568.00,35.50,0.00,0.00,0.00,0.00,0.00,0.00,0.00,0.00,0.00,4,706,2.33,2.33,2.45,0,9979180,6177648,38.24,52588,3147920,4913160,30.41,3761732,2206592,298032,lo,45.00,45.00,6.03,6.03,0.00,0.00,0.00,0.00,0.00,0.00,11782.00,0.00,395.00,0.00,0.00,0.00,0.00,0.00,0.00,0,0,0.00,0,0.00,6.00,4400.00
20:53:22,90.82,0.00,3.57,0.00,0.00,5.61,0.00,0.00,0.00,0.00,0.00,0.00,0.00,0.00,0.00,0.00,0.00,0.00,0.00,3,713,2.55,2.37,2.47,0,9947180,6209648,38.43,52592,3148120,4878040,30.19,3793244,2206712,298268,lo,51.00,51.00,6.79,6.79,0.00,0.00,0.00,0.00,0.00,0.00,8948.00,0.00,332.00,0.00,0.00,0.00,0.00,0.00,0.00,0,0,0.00,0,0.00,11.00,3733.00
20:53:23,87.56,0.00,2.49,0.00,0.00,9.95,0.00,0.00,0.00,0.00,0.00,0.00,0.00,0.00,0.00,0.00,0.00,0.00,0.00,2,712,2.55,2.37,2.47,0,9881468,6275360,38.84,52592,3148224,4909740,30.39,3866320,2199368,298372,lo,39.00,39.00,13.00,13.00,0.00,0.00,0.00,0.00,0.00,0.00,24495.00,0.00,5356.00,0.00,0.00,0.00,0.00,0.00,0.00,0,0,0.00,0,0.00,0.00,3357.00
20:53:24,84.08,0.00,3.48,0.00,0.00,12.44,0.00,0.00,0.00,0.00,0.00,0.00,0.00,0.00,0.00,0.00,0.00,0.00,0.00,2,711,2.55,2.37,2.47,0,9794312,6362516,39.38,52592,3148280,4962088,30.71,3958624,2194092,298428,lo,22.00,22.00,3.60,3.60,0.00,0.00,0.00,0.00,0.00,0.00,19878.00,0.00,152.00,0.00,0.00,0.00,0.00,0.00,0.00,0,0,0.00,0,0.00,0.00,3057.00
20:53:25,86.43,0.00,0.00,0.00,0.00,13.57,9.00,0.00,376.00,41.78,0.00,0.44,0.44,0.40,13.00,0.00,13.00,0.00,1360.00,2,711,2.55,2.37,2.47,0,9788004,6368824,39.42,52592,3148280,4962088,30.71,3965804,2192492,298428,lo,19.00,19.00,3.45,3.45,0.00,0.00,0.00,0.00,0.00,188.00,3417.00,0.00,1888.00,0.00,0.00,0.00,0.00,0.00,0.00,0,0,0.00,0,0.00,0.00,2685.00
20:53:26,85.15,0.00,2.48,0.00,0.00,12.38,8.00,0.00,1000.00,125.00,0.00,0.50,0.50,0.40,4.00,0.00,4.00,0.00,16.00,0,711,2.55,2.37,2.47,0,9783724,6373104,39.45,52604,3147696,4962088,30.71,3970616,2192100,297392,lo,73.00,73.00,30.62,30.62,0.00,0.00,0.00,0.00,0.00,500.00,1937.00,0.00,979.00,0.00,0.00,0.00,0.00,0.00,0.00,0,0,0.00,0,0.00,15.00,3268.00
20:53:27,2.02,0.00,1.01,0.00,0.00,96.97,1.00,0.00,64.00,64.00,0.00,0.00,0.00,0.00,1.00,0.00,1.00,0.00,64.00,0,690,2.34,2.33,2.45,0,10087004,6069824,37.57,52604,3147456,4666620,28.88,3675108,2185840,297164,lo,18.00,18.00,3.96,3.96,0.00,0.00,0.00,0.00,0.00,32.00,384.00,0.00,76266.00,0.00,0.00,0.00,0.00,0.00,0.00,0,0,0.00,0,0.00,4.00,2423.00
20:53:28,17.00,0.00,5.50,0.00,0.00,77.50,1.00,0.00,8.00,8.00,0.00,0.00,0.00,0.00,1.00,0.00,1.00,0.00,8.00,8,705,2.34,2.33,2.45,0,10075972,6080856,37.64,52604,3147848,4903496,30.35,3685316,2185932,297328,lo,31.00,31.00,34.84,34.84,0.00,0.00,0.00,0.00,0.00,4.00,18164.00,0.00,11162.00,0.00,0.00,0.00,0.00,0.00,0.00,0,0,0.00,0,0.00,130.00,4303.00
20:53:29,87.31,0.00,5.08,0.00,0.00,7.61,0.00,0.00,0.00,0.00,0.00,0.00,0.00,0.00,0.00,0.00,0.00,0.00,0.00,2,706,2.34,2.33,2.45,0,9992040,6164788,38.16,52604,3148044,4903496,30.35,3769452,2185880,297304,lo,22.00,22.00,4.55,4.55,0.00,0.00,0.00,0.00,0.00,0.00,22552.00,0.00,953.00,0.00,0.00,0.00,0.00,0.00,0.00,0,0,0.00,0,0.00,3.00,4479.00
20:53:30,92.46,0.00,2.51,0.50,0.00,4.52,12.00,0.00,1288.00,107.33,0.04,3.00,0.33,0.40,200.00,0.00,200.00,0.00,8536.00,1,711,2.34,2.33,2.45,0,9960340,6196488,38.35,52604,3148348,4903496,30.35,3800984,2186084,297608,lo,33.00,33.00,5.89,5.89,0.00,0.00,0.00,0.00,0.00,644.00,8083.00,0.00,245.00,0.00,0.00,0.00,0.00,0.00,0.00,0,0,0.00,0,0.00,5.00,3602.00
20:53:31,84.00,0.00,3.00,0.00,0.00,13.00,277.00,0.00,9056.00,32.69,4.26,15.36,0.22,6.00,89.00,0.00,89.00,0.00,1808.00,2,716,2.34,2.33,2.45,0,9936824,6220004,38.50,52616,3148352,4901224,30.34,3823460,2186164,291396,lo,65.00,65.00,16.09,16.09,0.00,0.00,0.00,0.00,0.00,4528.00,5503.00,0.00,424.00,0.00,0.00,0.00,0.00,0.00,0.00,0,0,0.00,0,0.00,9.00,3423.00
20:53:32,85.00,0.00,3.00,0.00,0.00,12.00,0.00,0.00,0.00,0.00,0.00,0.00,0.00,0.00,0.00,0.00,0.00,0.00,0.00,1,716,2.32,2.32,2.45,0,9848600,6308228,39.04,52616,3148408,4901224,30.34,3911768,2186184,291452,lo,22.00,22.00,4.50,4.50,0.00,0.00,0.00,0.00,0.00,0.00,23230.00,0.00,491.00,0.00,0.00,0.00,0.00,0.00,0.00,0,0,0.00,0,0.00,0.00,2374.00
20:53:33,83.08,0.00,3.98,0.00,0.00,12.94,0.00,0.00,0.00,0.00,0.00,0.00,0.00,0.00,0.00,0.00,0.00,0.00,0.00,2,716,2.32,2.32,2.45,0,9770884,6385944,39.52,52616,3148412,4953368,30.66,3989624,2186176,291456,lo,18.00,18.00,3.87,3.87,0.00,0.00,0.00,0.00,0.00,0.00,20206.00,0.00,2196.00,0.00,0.00,0.00,0.00,0.00,0.00,0,0,0.00,0,0.00,0.00,3306.00
20:53:34,96.48,0.00,1.01,0.00,0.00,2.51,0.00,0.00,0.00,0.00,0.00,0.00,0.00,0.00,0.00,0.00,0.00,0.00,0.00,2,716,2.32,2.32,2.45,0,9776496,6380332,39.49,52616,3148412,4953368,30.66,3983460,2186148,291456,lo,18.00,18.00,3.87,3.87,0.00,0.00,0.00,0.00,0.00,0.00,397.00,0.00,145.00,0.00,0.00,0.00,0.00,0.00,0.00,0,0,0.00,0,0.00,0.00,2459.00
20:53:35,33.50,0.00,2.50,0.00,0.00,64.00,4.00,0.00,328.00,82.00,0.00,1.00,1.00,0.40,4.00,0.00,4.00,0.00,328.00,0,692,2.32,2.32,2.45,0,10078216,6078612,37.62,52616,3147728,4678824,28.96,3683108,2185952,290772,lo,57.00,57.00,19.47,19.47,0.00,0.00,0.00,0.00,0.00,164.00,1060.00,0.00,76978.00,0.00,0.00,0.00,0.00,0.00,0.00,0,0,0.00,0,0.00,16.00,3038.00
20:53:36,32.49,0.00,4.57,0.00,0.00,62.94,63.00,0.00,55744.00,884.83,4.13,65.52,2.35,14.80,63.00,0.00,63.00,0.00,55744.00,0,707,2.32,2.32,2.45,0,10066352,6090476,37.70,52632,3148164,4886688,30.25,3695800,2185784,263036,lo,40.00,40.00,37.35,37.35,0.00,0.00,0.00,0.00,0.00,27872.00,19234.00,0.00,11210.00,0.00,0.00,0.00,0.00,0.00,0.00,0,0,0.00,0,0.00,130.00,4090.00
20:53:37,86.80,0.00,4.06,0.00,0.00,9.14,0.00,0.00,0.00,0.00,0.00,0.00,0.00,0.00,0.00,0.00,0.00,0.00,0.00,3,709,2.37,2.34,2.46,0,9979984,6176844,38.23,52632,3148168,4918316,30.44,3781852,2185856,263024,lo,18.00,18.00,3.91,3.91,0.00,0.00,0.00,0.00,0.00,0.00,22576.00,0.00,957.00,0.00,0.00,0.00,0.00,0.00,0.00,0,0,0.00,0,0.00,3.00,4095.00
20:53:38,93.97,0.00,2.51,0.00,0.00,3.52,0.00,0.00,0.00,0.00,0.00,0.00,0.00,0.00,0.00,0.00,0.00,0.00,0.00,2,713,2.37,2.34,2.46,0,9948472,6208356,38.43,52632,3148372,4880200,30.21,3813172,2185980,263228,lo,37.00,37.00,6.52,6.52,0.00,0.00,0.00,0.00,0.00,0.00,9511.00,0.00,1716.00,0.00,0.00,0.00,0.00,0.00,0.00,0,0,0.00,0,0.00,5.00,3285.00
20:53:39,85.50,0.00,3.50,0.00,0.00,11.00,0.00,0.00,0.00,0.00,0.00,0.00,0.00,0.00,0.00,0.00,0.00,0.00,0.00,3,718,2.37,2.34,2.46,0,9891644,6265184,38.78,52632,3148472,4880200,30.21,3869724,2186148,263332,lo,65.00,65.00,16.08,16.08,0.00,0.00,0.00,0.00,0.00,0.00,16414.00,0.00,442.00,0.00,0.00,0.00,0.00,0.00,0.00,0,0,0.00,0,0.00,9.00,3209.00
20:53:40,84.92,0.00,2.01,0.00,0.00,13.07,11.00,0.00,1224.00,111.27,0.04,3.27,0.36,0.40,11.00,0.00,11.00,0.00,1224.00,2,718,2.37,2.34,2.46,0,9782844,6373984,39.45,52632,3148532,4957520,30.68,3978132,2186172,263400,lo,18.00,18.00,3.87,3.87,0.00,0.00,0.00,0.00,0.00,612.00,25527.00,0.00,144.00,0.00,0.00,0.00,0.00,0.00,0.00,0,0,0.00,0,0.00,0.00,2543.00
20:53:41,85.57,0.00,2.99,9.95,0.00,1.49,714.00,0.00,232112.00,325.09,104.34,144.73,1.31,93.60,719.00,0.00,719.00,0.00,234184.00,2,718,2.37,2.34,2.46,0,9769624,6387204,39.53,52644,3148532,4957520,30.68,3990968,2186168,146744,lo,22.00,22.00,4.50,4.50,0.00,0.00,0.00,0.00,0.00,117092.00,3906.00,0.00,206.00,0.00,0.00,0.00,0.00,0.00,0.00,0,0,0.00,0,0.00,0.00,2617.00
20:53:42,97.01,0.00,1.00,0.00,0.00,1.99,5.00,0.00,2072.00,414.40,0.01,202.40,0.80,0.40,0.00,0.00,0.00,0.00,0.00,2,718,2.34,2.33,2.45,0,9768820,6388008,39.54,52644,3148532,4957520,30.68,3991816,2186168,146808,lo,18.00,18.00,3.87,3.87,0.00,0.00,0.00,0.00,0.00,0.00,296.00,0.00,125.00,0.00,0.00,0.00,0.00,0.00,0.00,0,0,0.00,0,0.00,0.00,2136.00
20:53:43,24.00,0.00,1.50,0.00,0.00,74.50,1.00,0.00,64.00,64.00,0.00,0.00,0.00,0.00,1.00,0.00,1.00,0.00,64.00,0,694,2.34,2.33,2.45,0,10077900,6078928,37.62,52644,3147748,4660072,28.84,3683072,2185904,145880,lo,54.00,54.00,19.10,19.10,0.00,0.00,0.00,0.00,0.00,32.00,1062.00,0.00,78868.00,0.00,0.00,0.00,0.00,0.00,0.00,0,0,0.00,0,0.00,16.00,2726.00
20:53:44,3.54,0.00,0.51,0.00,0.00,95.96,0.00,0.00,0.00,0.00,0.00,0.00,0.00,0.00,0.00,0.00,0.00,0.00,0.00,0,694,2.34,2.33,2.45,0,10078112,6078716,37.62,52644,3147696,4660072,28.84,3683192,2185816,145952,lo,21.00,21.00,4.43,4.43,0.00,0.00,0.00,0.00,0.00,0.00,68.00,0.00,122.00,0.00,0.00,0.00,0.00,0.00,0.00,0,0,0.00,0,0.00,0.00,2154.00
20:53:45,15.74,0.00,5.08,0.00,0.00,79.19,15.00,0.00,1496.00,99.73,0.04,2.93,0.27,0.40,15.00,0.00,15.00,0.00,1496.00,0,708,2.34,2.33,2.45,0,10067980,6088848,37.69,52652,3148036,4899644,30.33,3693072,2185916,146104,lo,37.00,37.00,37.21,37.21,0.00,0.00,0.00,0.00,0.00,748.00,18447.00,0.00,11390.00,0.00,0.00,0.00,0.00,0.00,0.00,0,0,0.00,0,0.00,130.00,3869.00
20:53:46,87.18,0.00,5.64,2.05,0.00,5.13,106.00,0.00,44192.00,416.91,24.20,59.09,1.81,19.20,165.00,0.00,165.00,0.00,67400.00,2,710,2.34,2.33,2.45,1,9981408,6175420,38.22,52664,3148292,4899644,30.33,3779468,2185892,92160,lo,18.00,18.00,3.89,3.89,0.00,0.00,0.00,0.00,0.00,57612.00,22602.00,0.00,951.00,0.00,0.00,0.00,0.00,0.00,0.00,0,0,0.00,0,0.00,4.00,4208.00
20:53:47,88.50,0.00,4.50,3.00,0.00,4.00,379.00,0.00,226024.00,596.37,124.78,307.10,2.64,100.00,440.00,0.00,440.00,0.00,222896.00,2,715,2.47,2.36,2.46,0,9933504,6223324,38.52,52664,3148492,4898644,30.32,3826636,2186144,1952,lo,50.00,50.00,7.68,7.68,0.00,0.00,0.00,0.00,0.00,87536.00,11932.00,0.00,197.00,0.00,0.00,0.00,0.00,0.00,0.00,0,0,0.00,0,0.00,5.00,3640.00
20:53:48,84.58,0.00,2.99,0.00,0.00,12.44,120.00,0.00,20080.00,167.33,4.26,254.90,0.33,4.00,0.00,0.00,0.00,0.00,0.00,2,720,2.47,2.36,2.46,0,9890272,6266556,38.79,52664,3148592,4898644,30.32,3870172,2186180,1916,lo,66.00,66.00,16.14,16.14,0.00,0.00,0.00,0.00,0.00,0.00,13563.00,0.00,661.00,0.00,0.00,0.00,0.00,0.00,0.00,0,0,0.00,0,0.00,9.00,3389.00
20:53:49,82.91,0.00,3.02,0.00,0.00,14.07,0.00,0.00,0.00,0.00,0.00,0.00,0.00,0.00,0.00,0.00,0.00,0.00,0.00,2,720,2.47,2.36,2.46,0,9773712,6383116,39.51,52664,3148648,4962524,30.71,3986548,2186200,1984,lo,18.00,18.00,3.88,3.88,0.00,0.00,0.00,0.00,0.00,0.00,27512.00,0.00,244.00,0.00,0.00,0.00,0.00,0.00,0.00,0,0,0.00,0,0.00,0.00,2620.00
20:53:50,86.43,0.00,0.50,0.00,0.00,13.07,8.00,0.00,560.00,70.00,0.01,1.50,0.50,0.40,8.00,0.00,8.00,0.00,560.00,1,719,2.47,2.36,2.46,0,9760956,6395872,39.59,52664,3148652,4962524,30.71,3999160,2186200,1988,lo,22.00,22.00,4.50,4.50,0.00,0.00,0.00,0.00,0.00,280.00,4009.00,0.00,146.00,0.00,0.00,0.00,0.00,0.00,0.00,0,0,0.00,0,0.00,0.00,2388.00
20:53:51,97.00,0.00,1.00,0.00,0.00,2.00,0.00,0.00,0.00,0.00,0.00,0.00,0.00,0.00,0.00,0.00,0.00,0.00,0.00,2,719,2.47,2.36,2.46,0,9760460,6396368,39.59,52672,3148652,4962524,30.71,3999924,2186200,2124,lo,19.00,19.00,3.93,3.93,0.00,0.00,0.00,0.00,0.00,0.00,191.00,0.00,121.00,0.00,0.00,0.00,0.00,0.00,0.00,0,0,0.00,0,0.00,0.00,2287.00
20:53:52,77.39,0.00,2.51,0.00,0.00,20.10,47.00,32.00,1032.00,22.64,0.01,0.17,0.17,0.80,48.00,3.00,45.00,32.00,1096.00,1,680,2.76,2.42,2.48,0,9760204,6396624,39.59,52672,3148312,4962524,30.71,3999200,2186200,1256,lo,227.00,227.00,681.53,681.53,0.00,0.00,0.00,0.00,16.00,516.00,1323.00,0.00,1939.00,0.00,0.00,0.00,0.00,0.00,0.00,0,0,0.00,0,0.00,30.00,4051.00
20:53:53,3.55,0.00,0.00,0.00,0.00,96.45,3.00,0.00,72.00,24.00,0.00,0.00,0.00,0.00,2.00,0.00,2.00,0.00,8.00,2,635,2.76,2.42,2.48,0,10068744,6088084,37.68,52672,3148168,4675048,28.94,3692900,2186160,1244,lo,29.00,29.00,7.31,7.31,0.00,0.00,0.00,0.00,0.00,36.00,52.00,0.00,77467.00,0.00,0.00,0.00,0.00,0.00,0.00,0,0,0.00,0,0.00,0.00,2788.00
